1.000000000000000021e-02
1.000000000000000021e-02
1.000000000000000021e-02
1.000000000000000021e-02
1.000000000000000021e-02
1.144567424604465110e-02
1.619902008705822322e-02
1.029234265051632256e-02
1.000000000000000021e-02
1.000000000000000021e-02
1.000000000000000021e-02
1.319630897397907135e-02
1.898347420535662772e-02
1.017625334791049697e-02
1.000000000000000021e-02
1.819640000335473115e-02
7.414944451954846860e-02
3.447815692886094241e-01
9.961943403370612238e-01
4.273807295540049123e-01
1.587944229908620497e-01
1.890155239578758181e-02
7.478288430983737189e-02
4.259392103426408727e-01
1.280129022133027261e+00
4.722262703346817303e-01
2.308446999313544523e-01
4.315629848114512779e-01
5.682850539554006319e-01
3.710723672840920279e-02
0.01
1.0
1.0
1.0
1.0
1.0
1.0